input_dim: 53 
output_dim: 1 
epochs_number: 50 
validation loss: 1665.5938720703125 
hidden_dim: 32 
num_layers: 16 
learning_rate: 0.01 
training total time: 39.755056858062744 
