input_dim: 53 
output_dim: 1 
epochs_number: 100 
validation loss: 4.492595314979553 
hidden_dim: 84 
num_layers: 2 
learning_rate: 0.002 
training total time: 8.77042293548584 
